9.999995137532405876e-01 9.861507401624349054e-04 0.000000000000000000e+00 -8.000000000000000000e+00 -9.861507401624349054e-04 9.999995137532405876e-01 0.000000000000000000e+00 5.000000000000000000e+00 0.000000000000000000e+00 0.000000000000000000e+00 1.000000000000000000e+00 0.000000000000000000e+00
9.974452477394721850e-01 -7.143512974680642225e-02 0.000000000000000000e+00 -8.011350999999999445e+00 7.143512974680642225e-02 9.974452477394721850e-01 0.000000000000000000e+00 4.603739299999999979e+00 0.000000000000000000e+00 0.000000000000000000e+00 1.000000000000000000e+00 0.000000000000000000e+00
9.891883853823579820e-01 -1.466503945601360659e-01 0.000000000000000000e+00 -7.990111399999999975e+00 1.466503945601360659e-01 9.891883853823579820e-01 0.000000000000000000e+00 4.208626699999999943e+00 0.000000000000000000e+00 0.000000000000000000e+00 1.000000000000000000e+00 0.000000000000000000e+00
9.637210541187803958e-01 -2.669114644375298884e-01 0.000000000000000000e+00 -7.904007400000000239e+00 2.669114644375298884e-01 9.637210541187803958e-01 0.000000000000000000e+00 3.875448000000000004e+00 0.000000000000000000e+00 0.000000000000000000e+00 1.000000000000000000e+00 0.000000000000000000e+00
9.319053584938835622e-01 -3.627015340612531613e-01 0.000000000000000000e+00 -7.763786299999999585e+00 3.627015340612531613e-01 9.319053584938835622e-01 0.000000000000000000e+00 3.553728299999999951e+00 0.000000000000000000e+00 0.000000000000000000e+00 1.000000000000000000e+00 0.000000000000000000e+00
8.601251463508787776e-01 -5.100830644266474145e-01 0.000000000000000000e+00 -7.587208000000000396e+00 5.100830644266474145e-01 8.601251463508787776e-01 0.000000000000000000e+00 3.088150999999999868e+00 0.000000000000000000e+00 0.000000000000000000e+00 1.000000000000000000e+00 0.000000000000000000e+00
8.801848245906769286e-01 -4.746310931242065378e-01 0.000000000000000000e+00 -7.170640500000000195e+00 4.746310931242065378e-01 8.801848245906769286e-01 0.000000000000000000e+00 2.707268500000000078e+00 0.000000000000000000e+00 0.000000000000000000e+00 1.000000000000000000e+00 0.000000000000000000e+00
8.717871802133905224e-01 -4.898847950442892785e-01 0.000000000000000000e+00 -6.924418000000000184e+00 4.898847950442892785e-01 8.717871802133905224e-01 0.000000000000000000e+00 2.300158300000000100e+00 0.000000000000000000e+00 0.000000000000000000e+00 1.000000000000000000e+00 0.000000000000000000e+00
7.870609703574330540e-01 -6.168752134265210740e-01 0.000000000000000000e+00 -6.670429999999999637e+00 6.168752134265210740e-01 7.870609703574330540e-01 0.000000000000000000e+00 1.958895899999999912e+00 0.000000000000000000e+00 0.000000000000000000e+00 1.000000000000000000e+00 0.000000000000000000e+00
7.190281534819580322e-01 -6.949809454224812333e-01 0.000000000000000000e+00 -6.384411000000000058e+00 6.949809454224812333e-01 7.190281534819580322e-01 0.000000000000000000e+00 1.555800700000000036e+00 0.000000000000000000e+00 0.000000000000000000e+00 1.000000000000000000e+00 0.000000000000000000e+00
6.840706808620580226e-01 -7.294157275415168451e-01 0.000000000000000000e+00 -5.989144999999999719e+00 7.294157275415168451e-01 6.840706808620580226e-01 0.000000000000000000e+00 1.315558800000000028e+00 0.000000000000000000e+00 0.000000000000000000e+00 1.000000000000000000e+00 0.000000000000000000e+00
7.787418063394853096e-01 -6.273445616717463480e-01 0.000000000000000000e+00 -5.750503000000000142e+00 6.273445616717463480e-01 7.787418063394853096e-01 0.000000000000000000e+00 9.916919499999999887e-01 0.000000000000000000e+00 0.000000000000000000e+00 1.000000000000000000e+00 0.000000000000000000e+00
7.566622912076825802e-01 -6.538059169695087380e-01 0.000000000000000000e+00 -5.413875599999999899e+00 6.538059169695087380e-01 7.566622912076825802e-01 0.000000000000000000e+00 7.122673400000000266e-01 0.000000000000000000e+00 0.000000000000000000e+00 1.000000000000000000e+00 0.000000000000000000e+00
7.126119175783656168e-01 -7.015584472624392109e-01 0.000000000000000000e+00 -5.158176400000000328e+00 7.015584472624392109e-01 7.126119175783656168e-01 0.000000000000000000e+00 1.754747999999999863e-01 0.000000000000000000e+00 0.000000000000000000e+00 1.000000000000000000e+00 0.000000000000000000e+00
5.639043373566017259e-01 -8.258401166753840394e-01 0.000000000000000000e+00 -4.823239000000000054e+00 8.258401166753840394e-01 5.639043373566017259e-01 0.000000000000000000e+00 4.622609999999999914e-02 0.000000000000000000e+00 0.000000000000000000e+00 1.000000000000000000e+00 0.000000000000000000e+00
5.612572765520910112e-01 -8.276413894419065720e-01 0.000000000000000000e+00 -4.421053999999999817e+00 8.276413894419065720e-01 5.612572765520910112e-01 0.000000000000000000e+00 -2.492969299999999999e-01 0.000000000000000000e+00 0.000000000000000000e+00 1.000000000000000000e+00 0.000000000000000000e+00
4.579130364298374944e-01 -8.889969915964880398e-01 0.000000000000000000e+00 -4.235656299999999597e+00 8.889969915964880398e-01 4.579130364298374944e-01 0.000000000000000000e+00 -4.837389300000000114e-01 0.000000000000000000e+00 0.000000000000000000e+00 1.000000000000000000e+00 0.000000000000000000e+00
4.318644606219999571e-01 -9.019385165584564712e-01 0.000000000000000000e+00 -3.653955999999999982e+00 9.019385165584564712e-01 4.318644606219999571e-01 0.000000000000000000e+00 -6.684286999999999868e-01 0.000000000000000000e+00 0.000000000000000000e+00 1.000000000000000000e+00 0.000000000000000000e+00
4.933197628933226331e-01 -8.698480393372602926e-01 0.000000000000000000e+00 -3.303425600000000184e+00 8.698480393372602926e-01 4.933197628933226331e-01 0.000000000000000000e+00 -9.734751999999999850e-01 0.000000000000000000e+00 0.000000000000000000e+00 1.000000000000000000e+00 0.000000000000000000e+00
4.818590922548153244e-01 -8.762487176660319621e-01 0.000000000000000000e+00 -2.944475399999999965e+00 8.762487176660319621e-01 4.818590922548153244e-01 0.000000000000000000e+00 -9.716873999999999789e-01 0.000000000000000000e+00 0.000000000000000000e+00 1.000000000000000000e+00 0.000000000000000000e+00
3.575630551178062833e-01 -9.338889985511236169e-01 0.000000000000000000e+00 -3.023550000000000182e+00 9.338889985511236169e-01 3.575630551178062833e-01 0.000000000000000000e+00 -1.090440400000000087e+00 0.000000000000000000e+00 0.000000000000000000e+00 1.000000000000000000e+00 0.000000000000000000e+00
2.474987436672851648e-01 -9.688882143380191936e-01 0.000000000000000000e+00 -2.732673199999999802e+00 9.688882143380191936e-01 2.474987436672851648e-01 0.000000000000000000e+00 -1.081548299999999907e+00 0.000000000000000000e+00 0.000000000000000000e+00 1.000000000000000000e+00 0.000000000000000000e+00
1.228410660859012710e-01 -9.924263562012444195e-01 0.000000000000000000e+00 -2.243675500000000156e+00 9.924263562012444195e-01 1.228410660859012710e-01 0.000000000000000000e+00 -1.089225300000000063e+00 0.000000000000000000e+00 0.000000000000000000e+00 1.000000000000000000e+00 0.000000000000000000e+00
-9.547542301950555366e-02 -9.954317875169782504e-01 0.000000000000000000e+00 -1.828052400000000022e+00 9.954317875169782504e-01 -9.547542301950555366e-02 0.000000000000000000e+00 -9.998472999999999944e-01 0.000000000000000000e+00 0.000000000000000000e+00 1.000000000000000000e+00 0.000000000000000000e+00
-2.559395237543362622e-01 -9.666927951424917342e-01 0.000000000000000000e+00 -1.392341499999999899e+00 9.666927951424917342e-01 -2.559395237543362622e-01 0.000000000000000000e+00 -9.244625600000000443e-01 0.000000000000000000e+00 0.000000000000000000e+00 1.000000000000000000e+00 0.000000000000000000e+00
-3.923770511987702547e-01 -9.198044627487722558e-01 0.000000000000000000e+00 -1.079893599999999898e+00 9.198044627487722558e-01 -3.923770511987702547e-01 0.000000000000000000e+00 -7.339217700000000288e-01 0.000000000000000000e+00 0.000000000000000000e+00 1.000000000000000000e+00 0.000000000000000000e+00
-5.430330076900983238e-01 -8.397113507384817988e-01 0.000000000000000000e+00 -9.057625500000000551e-01 8.397113507384817988e-01 -5.430330076900983238e-01 0.000000000000000000e+00 -4.904459700000000089e-01 0.000000000000000000e+00 0.000000000000000000e+00 1.000000000000000000e+00 0.000000000000000000e+00
-6.273203216313567587e-01 -7.787613331877303313e-01 0.000000000000000000e+00 -7.390795999999999477e-01 7.787613331877303313e-01 -6.273203216313567587e-01 0.000000000000000000e+00 -2.830092300000000005e-01 0.000000000000000000e+00 0.000000000000000000e+00 1.000000000000000000e+00 0.000000000000000000e+00
-7.829786685700631521e-01 -6.220485548285207278e-01 0.000000000000000000e+00 -4.826162500000000244e-01 6.220485548285207278e-01 -7.829786685700631521e-01 0.000000000000000000e+00 6.431965500000000335e-02 0.000000000000000000e+00 0.000000000000000000e+00 1.000000000000000000e+00 0.000000000000000000e+00
-8.858080746191226984e-01 -4.640517804508056399e-01 0.000000000000000000e+00 -1.522437799999999952e-01 4.640517804508056399e-01 -8.858080746191226984e-01 0.000000000000000000e+00 4.624814700000000056e-01 0.000000000000000000e+00 0.000000000000000000e+00 1.000000000000000000e+00 0.000000000000000000e+00
9.182929576325906673e-01 3.959015584237944307e-01 0.000000000000000000e+00 -1.541691799999999994e-02 -3.959015584237944307e-01 9.182929576325906673e-01 0.000000000000000000e+00 7.783103999999999578e-01 0.000000000000000000e+00 0.000000000000000000e+00 1.000000000000000000e+00 0.000000000000000000e+00
9.524578509534274984e-01 3.046703828027569894e-01 0.000000000000000000e+00 1.113735440000000049e-01 -3.046703828027569894e-01 9.524578509534274984e-01 0.000000000000000000e+00 1.291494600000000048e+00 0.000000000000000000e+00 0.000000000000000000e+00 1.000000000000000000e+00 0.000000000000000000e+00
9.682180293505152635e-01 2.501076720946497356e-01 0.000000000000000000e+00 1.981001500000000026e-01 -2.501076720946497356e-01 9.682180293505152635e-01 0.000000000000000000e+00 1.686014899999999983e+00 0.000000000000000000e+00 0.000000000000000000e+00 1.000000000000000000e+00 0.000000000000000000e+00
9.998082280665764321e-01 1.958333705916105380e-02 0.000000000000000000e+00 3.383675800000000011e-01 -1.958333705916105380e-02 9.998082280665764321e-01 0.000000000000000000e+00 1.921133600000000108e+00 0.000000000000000000e+00 0.000000000000000000e+00 1.000000000000000000e+00 0.000000000000000000e+00
9.828316676418417108e-01 -1.845045069377880820e-01 0.000000000000000000e+00 1.295481500000000008e-01 1.845045069377880820e-01 9.828316676418417108e-01 0.000000000000000000e+00 2.365057199999999860e+00 0.000000000000000000e+00 0.000000000000000000e+00 1.000000000000000000e+00 0.000000000000000000e+00
9.430808970902890831e-01 -3.325634098083787293e-01 0.000000000000000000e+00 -2.215346500000000066e-02 3.325634098083787293e-01 9.430808970902890831e-01 0.000000000000000000e+00 2.829214299999999849e+00 0.000000000000000000e+00 0.000000000000000000e+00 1.000000000000000000e+00 0.000000000000000000e+00
8.729446357391245082e-01 -4.878192933190396707e-01 0.000000000000000000e+00 -2.780758400000000186e-01 4.878192933190396707e-01 8.729446357391245082e-01 0.000000000000000000e+00 3.124681199999999937e+00 0.000000000000000000e+00 0.000000000000000000e+00 1.000000000000000000e+00 0.000000000000000000e+00
7.811224850440826595e-01 -6.243778210014805374e-01 0.000000000000000000e+00 -4.169058500000000222e-01 6.243778210014805374e-01 7.811224850440826595e-01 0.000000000000000000e+00 3.571257600000000032e+00 0.000000000000000000e+00 0.000000000000000000e+00 1.000000000000000000e+00 0.000000000000000000e+00
7.756108272608229770e-01 -6.312114104131688608e-01 0.000000000000000000e+00 -5.893247000000000346e-01 6.312114104131688608e-01 7.756108272608229770e-01 0.000000000000000000e+00 3.971133700000000211e+00 0.000000000000000000e+00 0.000000000000000000e+00 1.000000000000000000e+00 0.000000000000000000e+00
7.597830470076670784e-01 -6.501766848170927870e-01 0.000000000000000000e+00 -9.134345999999999854e-01 6.501766848170927870e-01 7.597830470076670784e-01 0.000000000000000000e+00 4.435435299999999970e+00 0.000000000000000000e+00 0.000000000000000000e+00 1.000000000000000000e+00 0.000000000000000000e+00
-7.705485103931474233e-01 6.373813561212011702e-01 0.000000000000000000e+00 -8.277978000000000280e-01 -6.373813561212011702e-01 -7.705485103931474233e-01 0.000000000000000000e+00 4.292437600000000408e+00 0.000000000000000000e+00 0.000000000000000000e+00 1.000000000000000000e+00 0.000000000000000000e+00
6.475081782901580540e-01 -7.620585010662639380e-01 0.000000000000000000e+00 -1.392463900000000088e+00 7.620585010662639380e-01 6.475081782901580540e-01 0.000000000000000000e+00 4.763109000000000037e+00 0.000000000000000000e+00 0.000000000000000000e+00 1.000000000000000000e+00 0.000000000000000000e+00
4.925322552268159848e-01 -8.702941902375234129e-01 0.000000000000000000e+00 -1.769535899999999939e+00 8.702941902375234129e-01 4.925322552268159848e-01 0.000000000000000000e+00 4.994148000000000032e+00 0.000000000000000000e+00 0.000000000000000000e+00 1.000000000000000000e+00 0.000000000000000000e+00
4.003756217018686336e-01 -9.163511125910428490e-01 0.000000000000000000e+00 -2.197809200000000018e+00 9.163511125910428490e-01 4.003756217018686336e-01 0.000000000000000000e+00 5.355038000000000409e+00 0.000000000000000000e+00 0.000000000000000000e+00 1.000000000000000000e+00 0.000000000000000000e+00
2.953081334207945385e-01 -9.554020652769839028e-01 0.000000000000000000e+00 -2.654930600000000140e+00 9.554020652769839028e-01 2.953081334207945385e-01 0.000000000000000000e+00 5.649288699999999608e+00 0.000000000000000000e+00 0.000000000000000000e+00 1.000000000000000000e+00 0.000000000000000000e+00
2.332284909679299134e-01 -9.724219613937266082e-01 0.000000000000000000e+00 -3.138463699999999967e+00 9.724219613937266082e-01 2.332284909679299134e-01 0.000000000000000000e+00 5.712365000000000137e+00 0.000000000000000000e+00 0.000000000000000000e+00 1.000000000000000000e+00 0.000000000000000000e+00
2.028024704772888875e-01 -9.792196678827015388e-01 0.000000000000000000e+00 -3.521219700000000064e+00 9.792196678827015388e-01 2.028024704772888875e-01 0.000000000000000000e+00 5.762078999999999951e+00 0.000000000000000000e+00 0.000000000000000000e+00 1.000000000000000000e+00 0.000000000000000000e+00
7.799472640455058781e-02 -9.969537715727240235e-01 0.000000000000000000e+00 -4.025270500000000418e+00 9.969537715727240235e-01 7.799472640455058781e-02 0.000000000000000000e+00 6.084976700000000349e+00 0.000000000000000000e+00 0.000000000000000000e+00 1.000000000000000000e+00 0.000000000000000000e+00
-4.974244446651235330e-02 -9.987620783842846572e-01 0.000000000000000000e+00 -4.498464000000000240e+00 9.987620783842846572e-01 -4.974244446651235330e-02 0.000000000000000000e+00 6.075611600000000223e+00 0.000000000000000000e+00 0.000000000000000000e+00 1.000000000000000000e+00 0.000000000000000000e+00
-7.809498044832717534e-02 -9.969459233222107697e-01 0.000000000000000000e+00 -5.074694599999999944e+00 9.969459233222107697e-01 -7.809498044832717534e-02 0.000000000000000000e+00 6.082138500000000114e+00 0.000000000000000000e+00 0.000000000000000000e+00 1.000000000000000000e+00 0.000000000000000000e+00
-1.621005442527997942e-01 -9.867742464986335449e-01 0.000000000000000000e+00 -5.519569999999999865e+00 9.867742464986335449e-01 -1.621005442527997942e-01 0.000000000000000000e+00 6.137432999999999694e+00 0.000000000000000000e+00 0.000000000000000000e+00 1.000000000000000000e+00 0.000000000000000000e+00
-1.342632868078362518e-01 -9.909456946854134918e-01 0.000000000000000000e+00 -5.965500399999999814e+00 9.909456946854134918e-01 -1.342632868078362518e-01 0.000000000000000000e+00 5.986504599999999954e+00 0.000000000000000000e+00 0.000000000000000000e+00 1.000000000000000000e+00 0.000000000000000000e+00
-3.277039310122464855e-01 -9.447804684682684639e-01 0.000000000000000000e+00 -6.429011000000000031e+00 9.447804684682684639e-01 -3.277039310122464855e-01 0.000000000000000000e+00 5.973360500000000073e+00 0.000000000000000000e+00 0.000000000000000000e+00 1.000000000000000000e+00 0.000000000000000000e+00
-3.774177971733879144e-01 -9.260430909934954657e-01 0.000000000000000000e+00 -6.716528399999999621e+00 9.260430909934954657e-01 -3.774177971733879144e-01 0.000000000000000000e+00 6.008413000000000004e+00 0.000000000000000000e+00 0.000000000000000000e+00 1.000000000000000000e+00 0.000000000000000000e+00
-4.773343766761125040e-01 -8.787217380053978788e-01 0.000000000000000000e+00 -7.035779999999999923e+00 8.787217380053978788e-01 -4.773343766761125040e-01 0.000000000000000000e+00 5.771556999999999604e+00 0.000000000000000000e+00 0.000000000000000000e+00 1.000000000000000000e+00 0.000000000000000000e+00
-5.624794652736399003e-01 -8.268112548493036229e-01 0.000000000000000000e+00 -7.572276999999999703e+00 8.268112548493036229e-01 -5.624794652736399003e-01 0.000000000000000000e+00 5.711755000000000138e+00 0.000000000000000000e+00 0.000000000000000000e+00 1.000000000000000000e+00 0.000000000000000000e+00
-6.620239250306477752e-01 -7.494827033941579009e-01 0.000000000000000000e+00 -8.057828999999999908e+00 7.494827033941579009e-01 -6.620239250306477752e-01 0.000000000000000000e+00 5.407434000000000296e+00 0.000000000000000000e+00 0.000000000000000000e+00 1.000000000000000000e+00 0.000000000000000000e+00
-7.252646919215109955e-01 -6.884701349020129202e-01 0.000000000000000000e+00 -8.285968999999999696e+00 6.884701349020129202e-01 -7.252646919215109955e-01 0.000000000000000000e+00 5.101611600000000024e+00 0.000000000000000000e+00 0.000000000000000000e+00 1.000000000000000000e+00 0.000000000000000000e+00
-9.397288026215195877e-01 -3.419207181840918652e-01 0.000000000000000000e+00 -8.633568999999999605e+00 3.419207181840918652e-01 -9.397288026215195877e-01 0.000000000000000000e+00 4.704470599999999614e+00 0.000000000000000000e+00 0.000000000000000000e+00 1.000000000000000000e+00 0.000000000000000000e+00
-9.699566806012578368e-01 -2.432776967931700729e-01 0.000000000000000000e+00 -8.789618499999999557e+00 2.432776967931700729e-01 -9.699566806012578368e-01 0.000000000000000000e+00 4.358357400000000048e+00 0.000000000000000000e+00 0.000000000000000000e+00 1.000000000000000000e+00 0.000000000000000000e+00
1.777687487837734392e-01 -9.840722900050847821e-01 0.000000000000000000e+00 -8.681359000000000492e+00 9.840722900050847821e-01 1.777687487837734392e-01 0.000000000000000000e+00 4.447504000000000346e+00 0.000000000000000000e+00 0.000000000000000000e+00 1.000000000000000000e+00 0.000000000000000000e+00
-9.761041633104927673e-01 2.173031577495430910e-01 0.000000000000000000e+00 -8.609296999999999755e+00 -2.173031577495430910e-01 -9.761041633104927673e-01 0.000000000000000000e+00 4.061676000000000286e+00 0.000000000000000000e+00 0.000000000000000000e+00 1.000000000000000000e+00 0.000000000000000000e+00
-8.557274316607063058e-01 5.174268670096009437e-01 0.000000000000000000e+00 -8.548132000000000730e+00 -5.174268670096009437e-01 -8.557274316607063058e-01 0.000000000000000000e+00 3.707631999999999817e+00 0.000000000000000000e+00 0.000000000000000000e+00 1.000000000000000000e+00 0.000000000000000000e+00
-6.606452529688607855e-01 7.506982414590498420e-01 0.000000000000000000e+00 -8.282591000000000037e+00 -7.506982414590498420e-01 -6.606452529688607855e-01 0.000000000000000000e+00 3.289521199999999812e+00 0.000000000000000000e+00 0.000000000000000000e+00 1.000000000000000000e+00 0.000000000000000000e+00
-3.391848768700031491e-01 9.407197347258537956e-01 0.000000000000000000e+00 -7.845351700000000150e+00 -9.407197347258537956e-01 -3.391848768700031491e-01 0.000000000000000000e+00 3.082958200000000204e+00 0.000000000000000000e+00 0.000000000000000000e+00 1.000000000000000000e+00 0.000000000000000000e+00
-5.270364373303279559e-02 9.986101971927091592e-01 0.000000000000000000e+00 -7.352271000000000001e+00 -9.986101971927091592e-01 -5.270364373303279559e-02 0.000000000000000000e+00 3.154698100000000061e+00 0.000000000000000000e+00 0.000000000000000000e+00 1.000000000000000000e+00 0.000000000000000000e+00
1.243629060924694857e-01 9.922368001582261288e-01 0.000000000000000000e+00 -6.716116399999999764e+00 -9.922368001582261288e-01 1.243629060924694857e-01 0.000000000000000000e+00 3.160374399999999806e+00 0.000000000000000000e+00 0.000000000000000000e+00 1.000000000000000000e+00 0.000000000000000000e+00
3.622317394808586832e-01 9.320880682170925580e-01 0.000000000000000000e+00 -6.203693399999999691e+00 -9.320880682170925580e-01 3.622317394808586832e-01 0.000000000000000000e+00 3.323318200000000111e+00 0.000000000000000000e+00 0.000000000000000000e+00 1.000000000000000000e+00 0.000000000000000000e+00
6.510389435597159213e-01 7.590443293831059535e-01 0.000000000000000000e+00 -6.034460499999999783e+00 -7.590443293831059535e-01 6.510389435597159213e-01 0.000000000000000000e+00 3.638821599999999989e+00 0.000000000000000000e+00 0.000000000000000000e+00 1.000000000000000000e+00 0.000000000000000000e+00
8.735585219348500630e-01 4.867191271719245038e-01 0.000000000000000000e+00 -5.841346299999999658e+00 -4.867191271719245038e-01 8.735585219348500630e-01 0.000000000000000000e+00 4.091031000000000084e+00 0.000000000000000000e+00 0.000000000000000000e+00 1.000000000000000000e+00 0.000000000000000000e+00
-9.908508783758559479e-01 -1.349612419244678452e-01 0.000000000000000000e+00 -5.630470299999999817e+00 1.349612419244678452e-01 -9.908508783758559479e-01 0.000000000000000000e+00 4.504439399999999871e+00 0.000000000000000000e+00 0.000000000000000000e+00 1.000000000000000000e+00 0.000000000000000000e+00
-9.933177210512103006e-01 1.154118929990746861e-01 0.000000000000000000e+00 -5.755886000000000280e+00 -1.154118929990746861e-01 -9.933177210512103006e-01 0.000000000000000000e+00 5.197631399999999680e+00 0.000000000000000000e+00 0.000000000000000000e+00 1.000000000000000000e+00 0.000000000000000000e+00
-8.903459103823577747e-01 4.552847019892174441e-01 0.000000000000000000e+00 -5.990759399999999957e+00 -4.552847019892174441e-01 -8.903459103823577747e-01 0.000000000000000000e+00 5.605312299999999581e+00 0.000000000000000000e+00 0.000000000000000000e+00 1.000000000000000000e+00 0.000000000000000000e+00
-7.236731464853239926e-01 6.901428671340672505e-01 0.000000000000000000e+00 -6.141018400000000099e+00 -6.901428671340672505e-01 -7.236731464853239926e-01 0.000000000000000000e+00 6.112438000000000038e+00 0.000000000000000000e+00 0.000000000000000000e+00 1.000000000000000000e+00 0.000000000000000000e+00
-4.963495239119874447e-01 8.681227736399635964e-01 0.000000000000000000e+00 -6.463117600000000351e+00 -8.681227736399635964e-01 -4.963495239119874447e-01 0.000000000000000000e+00 6.329024999999999679e+00 0.000000000000000000e+00 0.000000000000000000e+00 1.000000000000000000e+00 0.000000000000000000e+00
-1.267628067486433197e-01 9.919330576330269711e-01 0.000000000000000000e+00 -6.969972600000000185e+00 -9.919330576330269711e-01 -1.267628067486433197e-01 0.000000000000000000e+00 6.527112999999999943e+00 0.000000000000000000e+00 0.000000000000000000e+00 1.000000000000000000e+00 0.000000000000000000e+00
1.559254826788877279e-01 9.877688210565039872e-01 0.000000000000000000e+00 -7.350146299999999577e+00 -9.877688210565039872e-01 1.559254826788877279e-01 0.000000000000000000e+00 6.630040600000000062e+00 0.000000000000000000e+00 0.000000000000000000e+00 1.000000000000000000e+00 0.000000000000000000e+00
6.604428058678666336e-01 7.508763547864450993e-01 0.000000000000000000e+00 -7.759220000000000006e+00 -7.508763547864450993e-01 6.604428058678666336e-01 0.000000000000000000e+00 6.488571000000000311e+00 0.000000000000000000e+00 0.000000000000000000e+00 1.000000000000000000e+00 0.000000000000000000e+00
8.616959053777432098e-01 5.074250355030104354e-01 0.000000000000000000e+00 -8.099852000000000274e+00 -5.074250355030104354e-01 8.616959053777432098e-01 0.000000000000000000e+00 6.261909499999999795e+00 0.000000000000000000e+00 0.000000000000000000e+00 1.000000000000000000e+00 0.000000000000000000e+00
9.466692160134347889e-01 3.222070692156035476e-01 0.000000000000000000e+00 -8.198168000000000788e+00 -3.222070692156035476e-01 9.466692160134347889e-01 0.000000000000000000e+00 5.908158300000000196e+00 0.000000000000000000e+00 0.000000000000000000e+00 1.000000000000000000e+00 0.000000000000000000e+00
9.995618969350571481e-01 2.959753698519744514e-02 0.000000000000000000e+00 -8.194699999999999207e+00 -2.959753698519744514e-02 9.995618969350571481e-01 0.000000000000000000e+00 5.928701399999999566e+00 0.000000000000000000e+00 0.000000000000000000e+00 1.000000000000000000e+00 0.000000000000000000e+00
9.986158572328815985e-01 5.259628963184605904e-02 0.000000000000000000e+00 -8.231396999999999409e+00 -5.259628963184605904e-02 9.986158572328815985e-01 0.000000000000000000e+00 5.417187000000000197e+00 0.000000000000000000e+00 0.000000000000000000e+00 1.000000000000000000e+00 0.000000000000000000e+00
9.944107788176865803e-01 -1.055803152637931619e-01 0.000000000000000000e+00 -8.310344999999999871e+00 1.055803152637931619e-01 9.944107788176865803e-01 0.000000000000000000e+00 4.897903000000000340e+00 0.000000000000000000e+00 0.000000000000000000e+00 1.000000000000000000e+00 0.000000000000000000e+00
9.580027927633149032e-01 -2.867588691874917717e-01 0.000000000000000000e+00 -8.216219999999999857e+00 2.867588691874917717e-01 9.580027927633149032e-01 0.000000000000000000e+00 4.393813599999999653e+00 0.000000000000000000e+00 0.000000000000000000e+00 1.000000000000000000e+00 0.000000000000000000e+00
9.152835252269690969e-01 -4.028102139321845798e-01 0.000000000000000000e+00 -8.106446000000000041e+00 4.028102139321845798e-01 9.152835252269690969e-01 0.000000000000000000e+00 3.997056699999999907e+00 0.000000000000000000e+00 0.000000000000000000e+00 1.000000000000000000e+00 0.000000000000000000e+00
8.571998329779665360e-01 -5.149839282371307947e-01 0.000000000000000000e+00 -7.868335000000000079e+00 5.149839282371307947e-01 8.571998329779665360e-01 0.000000000000000000e+00 3.463900000000000201e+00 0.000000000000000000e+00 0.000000000000000000e+00 1.000000000000000000e+00 0.000000000000000000e+00
8.804648269922220605e-01 -4.741114725774482896e-01 0.000000000000000000e+00 -7.548313000000000272e+00 4.741114725774482896e-01 8.804648269922220605e-01 0.000000000000000000e+00 2.929959799999999781e+00 0.000000000000000000e+00 0.000000000000000000e+00 1.000000000000000000e+00 0.000000000000000000e+00
8.489384109166365766e-01 -5.284917922450035332e-01 0.000000000000000000e+00 -7.148029300000000141e+00 5.284917922450035332e-01 8.489384109166365766e-01 0.000000000000000000e+00 2.347209499999999949e+00 0.000000000000000000e+00 0.000000000000000000e+00 1.000000000000000000e+00 0.000000000000000000e+00
7.906126072712198471e-01 -6.123166707054479296e-01 0.000000000000000000e+00 -6.900791599999999804e+00 6.123166707054479296e-01 7.906126072712198471e-01 0.000000000000000000e+00 1.984101700000000079e+00 0.000000000000000000e+00 0.000000000000000000e+00 1.000000000000000000e+00 0.000000000000000000e+00
6.626953278130470748e-01 -7.488891122821575985e-01 0.000000000000000000e+00 -6.541768600000000156e+00 7.488891122821575985e-01 6.626953278130470748e-01 0.000000000000000000e+00 1.546567800000000048e+00 0.000000000000000000e+00 0.000000000000000000e+00 1.000000000000000000e+00 0.000000000000000000e+00
6.991755349148853771e-01 -7.149500481687400821e-01 0.000000000000000000e+00 -6.087127699999999919e+00 7.149500481687400821e-01 6.991755349148853771e-01 0.000000000000000000e+00 1.109782199999999941e+00 0.000000000000000000e+00 0.000000000000000000e+00 1.000000000000000000e+00 0.000000000000000000e+00
7.550532471443082150e-01 -6.556634761650493859e-01 0.000000000000000000e+00 -5.719685600000000036e+00 6.556634761650493859e-01 7.550532471443082150e-01 0.000000000000000000e+00 8.434228299999999567e-01 0.000000000000000000e+00 0.000000000000000000e+00 1.000000000000000000e+00 0.000000000000000000e+00
7.394447320767003617e-01 -6.732172667155952306e-01 0.000000000000000000e+00 -5.392609600000000114e+00 6.732172667155952306e-01 7.394447320767003617e-01 0.000000000000000000e+00 3.911772399999999816e-01 0.000000000000000000e+00 0.000000000000000000e+00 1.000000000000000000e+00 0.000000000000000000e+00
6.392663725157292642e-01 -7.689853737039351600e-01 0.000000000000000000e+00 -5.071152699999999847e+00 7.689853737039351600e-01 6.392663725157292642e-01 0.000000000000000000e+00 1.013670400000000055e-01 0.000000000000000000e+00 0.000000000000000000e+00 1.000000000000000000e+00 0.000000000000000000e+00
5.709696129299796086e-01 -8.209711938372681317e-01 0.000000000000000000e+00 -4.593695000000000306e+00 8.209711938372681317e-01 5.709696129299796086e-01 0.000000000000000000e+00 -3.187978300000000043e-01 0.000000000000000000e+00 0.000000000000000000e+00 1.000000000000000000e+00 0.000000000000000000e+00
3.754165228566938572e-01 -9.268562101891476557e-01 0.000000000000000000e+00 -4.273413699999999871e+00 9.268562101891476557e-01 3.754165228566938572e-01 0.000000000000000000e+00 -7.874480999999999842e-01 0.000000000000000000e+00 0.000000000000000000e+00 1.000000000000000000e+00 0.000000000000000000e+00
4.302076842780637733e-01 -9.027299421134239443e-01 0.000000000000000000e+00 -3.757674499999999806e+00 9.027299421134239443e-01 4.302076842780637733e-01 0.000000000000000000e+00 -9.732368000000000130e-01 0.000000000000000000e+00 0.000000000000000000e+00 1.000000000000000000e+00 0.000000000000000000e+00
5.780968101726955410e-01 -8.159681844705432008e-01 0.000000000000000000e+00 -3.248065500000000050e+00 8.159681844705432008e-01 5.780968101726955410e-01 0.000000000000000000e+00 -1.180839299999999925e+00 0.000000000000000000e+00 0.000000000000000000e+00 1.000000000000000000e+00 0.000000000000000000e+00
4.862543922882917591e-01 -8.738172955374275963e-01 0.000000000000000000e+00 -2.663682200000000222e+00 8.738172955374275963e-01 4.862543922882917591e-01 0.000000000000000000e+00 -1.566436399999999951e+00 0.000000000000000000e+00 0.000000000000000000e+00 1.000000000000000000e+00 0.000000000000000000e+00
4.615420003629603363e-01 -8.871183584510903275e-01 0.000000000000000000e+00 -2.197815400000000086e+00 8.871183584510903275e-01 4.615420003629603363e-01 0.000000000000000000e+00 -1.604323500000000013e+00 0.000000000000000000e+00 0.000000000000000000e+00 1.000000000000000000e+00 0.000000000000000000e+00
3.484912142533327928e-01 -9.373120470730319509e-01 0.000000000000000000e+00 -2.221040499999999973e+00 9.373120470730319509e-01 3.484912142533327928e-01 0.000000000000000000e+00 -1.663501099999999955e+00 0.000000000000000000e+00 0.000000000000000000e+00 1.000000000000000000e+00 0.000000000000000000e+00
2.743766614282829863e-01 -9.616222998992220994e-01 0.000000000000000000e+00 -1.743635000000000046e+00 9.616222998992220994e-01 2.743766614282829863e-01 0.000000000000000000e+00 -1.740645500000000068e+00 0.000000000000000000e+00 0.000000000000000000e+00 1.000000000000000000e+00 0.000000000000000000e+00
1.457876942191214942e-01 -9.893158991011272718e-01 0.000000000000000000e+00 -1.345577400000000035e+00 9.893158991011272718e-01 1.457876942191214942e-01 0.000000000000000000e+00 -1.610763200000000062e+00 0.000000000000000000e+00 0.000000000000000000e+00 1.000000000000000000e+00 0.000000000000000000e+00
-4.090495747244720509e-02 -9.991630419777230987e-01 0.000000000000000000e+00 -9.065033000000000118e-01 9.991630419777230987e-01 -4.090495747244720509e-02 0.000000000000000000e+00 -1.485340799999999906e+00 0.000000000000000000e+00 0.000000000000000000e+00 1.000000000000000000e+00 0.000000000000000000e+00
-2.509488750029963411e-01 -9.680003420116805035e-01 0.000000000000000000e+00 -4.200439000000000256e-01 9.680003420116805035e-01 -2.509488750029963411e-01 0.000000000000000000e+00 -1.429066299999999901e+00 0.000000000000000000e+00 0.000000000000000000e+00 1.000000000000000000e+00 0.000000000000000000e+00
-4.024866115159789204e-01 -9.154258722312721419e-01 0.000000000000000000e+00 -1.820041799999999876e-01 9.154258722312721419e-01 -4.024866115159789204e-01 0.000000000000000000e+00 -1.160902700000000065e+00 0.000000000000000000e+00 0.000000000000000000e+00 1.000000000000000000e+00 0.000000000000000000e+00
-5.243524658816151041e-01 -8.515013162196930496e-01 0.000000000000000000e+00 1.007860450000000047e-01 8.515013162196930496e-01 -5.243524658816151041e-01 0.000000000000000000e+00 -9.240401400000000098e-01 0.000000000000000000e+00 0.000000000000000000e+00 1.000000000000000000e+00 0.000000000000000000e+00
-6.675539997143296045e-01 -7.445613859618297470e-01 0.000000000000000000e+00 3.609183400000000042e-01 7.445613859618297470e-01 -6.675539997143296045e-01 0.000000000000000000e+00 -7.628301400000000454e-01 0.000000000000000000e+00 0.000000000000000000e+00 1.000000000000000000e+00 0.000000000000000000e+00
-7.973531427659837911e-01 -6.035130203410765670e-01 0.000000000000000000e+00 6.035424000000000344e-01 6.035130203410765670e-01 -7.973531427659837911e-01 0.000000000000000000e+00 -3.824462299999999981e-01 0.000000000000000000e+00 0.000000000000000000e+00 1.000000000000000000e+00 0.000000000000000000e+00
-8.589054906132799205e-01 -5.121341212947648769e-01 0.000000000000000000e+00 8.287533000000000261e-01 5.121341212947648769e-01 -8.589054906132799205e-01 0.000000000000000000e+00 -1.143907160000000034e-01 0.000000000000000000e+00 0.000000000000000000e+00 1.000000000000000000e+00 0.000000000000000000e+00
9.182772475358292885e-01 3.959379959766697321e-01 0.000000000000000000e+00 1.027451499999999962e+00 -3.959379959766697321e-01 9.182772475358292885e-01 0.000000000000000000e+00 3.139263999999999943e-01 0.000000000000000000e+00 0.000000000000000000e+00 1.000000000000000000e+00 0.000000000000000000e+00
9.482801411649668388e-01 3.174346765433017636e-01 0.000000000000000000e+00 1.107019299999999928e+00 -3.174346765433017636e-01 9.482801411649668388e-01 0.000000000000000000e+00 7.024982600000000410e-01 0.000000000000000000e+00 0.000000000000000000e+00 1.000000000000000000e+00 0.000000000000000000e+00
9.665759280728191127e-01 2.563805282586187895e-01 0.000000000000000000e+00 1.209109100000000048e+00 -2.563805282586187895e-01 9.665759280728191127e-01 0.000000000000000000e+00 1.156979900000000061e+00 0.000000000000000000e+00 0.000000000000000000e+00 1.000000000000000000e+00 0.000000000000000000e+00
9.927288931836478758e-01 1.203716936757530942e-01 0.000000000000000000e+00 1.283250900000000083e+00 -1.203716936757530942e-01 9.927288931836478758e-01 0.000000000000000000e+00 1.737105799999999922e+00 0.000000000000000000e+00 0.000000000000000000e+00 1.000000000000000000e+00 0.000000000000000000e+00
9.905626843931144565e-01 -1.370604548653882593e-01 0.000000000000000000e+00 1.199035400000000084e+00 1.370604548653882593e-01 9.905626843931144565e-01 0.000000000000000000e+00 1.983317999999999914e+00 0.000000000000000000e+00 0.000000000000000000e+00 1.000000000000000000e+00 0.000000000000000000e+00
9.551117156501860439e-01 -2.962458617900984303e-01 0.000000000000000000e+00 1.071666699999999972e+00 2.962458617900984303e-01 9.551117156501860439e-01 0.000000000000000000e+00 2.336003299999999783e+00 0.000000000000000000e+00 0.000000000000000000e+00 1.000000000000000000e+00 0.000000000000000000e+00
8.750824142227375813e-01 -4.839739335109950469e-01 0.000000000000000000e+00 6.953523000000000343e-01 4.839739335109950469e-01 8.750824142227375813e-01 0.000000000000000000e+00 2.786022200000000115e+00 0.000000000000000000e+00 0.000000000000000000e+00 1.000000000000000000e+00 0.000000000000000000e+00
8.352101408957501860e-01 -5.499309234302988125e-01 0.000000000000000000e+00 4.006449599999999944e-01 5.499309234302988125e-01 8.352101408957501860e-01 0.000000000000000000e+00 3.304482199999999814e+00 0.000000000000000000e+00 0.000000000000000000e+00 1.000000000000000000e+00 0.000000000000000000e+00
7.721409226640566503e-01 -6.354513321628174616e-01 0.000000000000000000e+00 3.058872200000000152e-01 6.354513321628174616e-01 7.721409226640566503e-01 0.000000000000000000e+00 3.545227999999999824e+00 0.000000000000000000e+00 0.000000000000000000e+00 1.000000000000000000e+00 0.000000000000000000e+00
-6.896087675008620854e-01 7.241821233542995451e-01 0.000000000000000000e+00 -1.677567799999999942e-01 -7.241821233542995451e-01 -6.896087675008620854e-01 0.000000000000000000e+00 3.814182999999999879e+00 0.000000000000000000e+00 0.000000000000000000e+00 1.000000000000000000e+00 0.000000000000000000e+00
